000600000000003000000000000010000050008006000000100003020000000700008004630000600
000400058000500006500900090009005000080000000000000000000400000008000800300000087
005003000000080000350507000000000000000200080000300030000890000050000000640000000
000500000000060000003007090060700000002300000000800000000070000035400600000000007
090000600000090000100100000000000007000607000000303000040008980000090000000710060
000000008000000094000000000000000000000600009000000000000000002700000000000300000
000000000700000000003040070007000090000000500000000070000000053000005007000000000
305000004009000008000631000000800000090100000000809000000000000000000000000000996
000000030000024000790090000000200000000600000000000370070030350000000076001000000
000000700000800000000000000000000076000700800000004000009000000000000000000000000
000000000006000000300000000000000030009300000000000000840000800200000500040000600
000650000068096420070050000003002079006000000000000440000000000000000000010007910
050000000000000000000000770000000010220000000540004000400007000000000600000060060
001000020000000000000000000000920010000000190040600000000000000070070001000000000
000020000700000008800000020008000320008040200300000700000000000900000900100000000
000000800010000500000000030040001000900000599000000000700070205400000000060060400
203000864002300000000000004000000010004090000730000000000000000060000000000000000
360000100090022000000000004800000000009000000000009009005000000090000078000000000
000704000000000200050000000040020090200000000000080000000000000000000000000000000
000000000000000300080000006700005000000000060000010000000000001040000200000000000
000000000000000000000000008080000600003000900000000000000300040000000000709000000
000083900002000000000000004040500000020010001300300000306800600010000000000000000
300000038500000600060000900063090000000006000500000000000000003000900400000560000
070000000000050000000000000900300000900800020000030007003300000000500000500080000
002290500000000008000300050000305500000000020008000000402000800000000009000500020
000005000000000000003000002004000000000000000600000000008030000502000001000804003
000000000000008070000000000000000000400000030000370000000400003000730000000000200
000090009000100000000900000000090000000000000801000020000000087000006000010090000
000906070000000000006009000000050006000000009004800000005000000500003000000040000
800076040000000010000700000000000000000000808000090000000400090000000000400002000
030400000000050040000000080000000030000604000600005000009000000000000002000000000
009000900350000000000000400300000000400005000000010700000000040300000002000977900
000000830000504250002080000000003000300080000000000000000000000400000006000000000
000750100000900000020000209000000900008000070000012000000200000900000009000000000
040000000000451001100000001000000000000040280400730700000000070100030000000200022
000000800800500000800076001003000001000000000000000000000300800004000000000000030
000010040003600000020000000000000000000000000010400000603000000000070030950000020
000003002002040006060400000060000000050000070050000000002008009500050000000000000
000000200000000600000000690040000100000000060000008000000001000600080000004000000
000000000000002000000000000000000027006000000000009300020000000000000090060770009
700000000000008013000000700000500000600400000000000002030008020000000000000000000
000000000000000000700000000008080005020000000000000904500000300000000003940000000
000005900006000078000000000410000000000504040060004000030070000100002000300000000
000700000094000000000000200005020290000000000000900000500000200001010000900000020
000020002000000000700130037000006568046007701000006009000008000300000000060000000
100000040017647000000000000800000070000000000000000502002000040602000080800009000
000000007000000000970000019000000000000090800000466000000907003000009000700000000
000000000000600000000500101010000090000010070000000000000000000000000000007000000
000000008000000008000000009000000800000182090221000400000000000000000000006000004
000000000000800300006000002900000610000001000000000000000004000000000000005603000
070758064000070900004900000007090000000600070603003000000370000000100000506030000
007000004000000008350100900000009000007000700000700005005000000000000008000000006
000001000000009000000000000080000040000008707000000000000060000000000000100800000
000009000000000000000000000309000000000090000000794000300001000000000000060009000
000900060000000090005000000070100300000000500007000000000000000000070000000000000
000000608000020000000008000000080000600000390000000000000100000020080000000820010
000000400090021000000000000000000000000000040000040200000000000000000000004000000
000000002050000000008000000500000000010000009008000000000033600070000000000000000
000300000000000000000000052404000000000000001000082000000300700000800702001000000
000000700000000000010000000000050005000000000000000000007000560009000000000000890
000000200000000000000007071000000003000000000500070003370400070000008000000000400
000000002000000000000001000000000000005005000000000000004020000090000000000000040
000505009000000000000000720000000820000000300002000500090000260000005580000080002
004200000007000000000000000000005000300540053000100000309000040009000035000009007
600000000080000000000009330000000006900001000020000003008000100000001000020000003
040030000000007000008000000000090002000000000090007000001000010020000005000000710
000000000000000019000000000600000004603000002005004010000200000000000005380800000
000091700081000090009000650000300000009090002500007047000500000000000000079000000
000250000291000000000200004041200021000700060004000000000002004006000002670000003
000001000000400040000000400030000000008000000000006000000000000000000000000023400
000020000070007000000005008000003035000000000000000050000000075008002400000100000
005090000900000000000040070000000502870009000072900000100000700207400100000370700
080500000009600000000000006030000800008000010000005360000600000040000000500500009
000000000000700030003000000000000800700064000500000000004000000000010300900000008
001000057000700100000502000000070000004000000400000008004000000000000004004006000
000000000000003000000070400050000900859000000010200001000002050000006050000000000
000000000000295100800607000800000000000008000002000080006000000002000004800000000
570000010009000160060000000500000020000000809000050000040700010000140050000000000
050000000000670680000327000000000090060000800000000000000000000000050000000000000
000005000014000000000220000000000000060000005500160000020000008001097008600000010
009000000009330400000056006007000000040005230080000000000000700008400000000800000
600000000001000600080040100000061000000067260000000001000400000000200000004000172
000160000000500000000000003000007000150000007000000000700034000050080020000400000
000500000050000000084680000000000000000020000000000000009700009001430060000000000
009008200004040085080090000002002990000204908000000000020004000000600010000000000
800000000000007004005000400000005000000020000000020000300003000003600000000000000
050000070000000000090000102000000000001000000073060000000000000095000000006470700
000000002000000000009080000000004000000000072600003000500000000074001000560800000
000500094001090078000003080004000000000500620000000000004055200000700405007080000
000903008007000006400090000040000000000006000070000000000000000000000000000000600
000300000006000007004300001700200000000000004000000000000000000300000703000400000
000668040002033000800007000000090005039007000000000000900000000001006000006200008
003000000000730800050006000000000080070000000000000040920000007760000005950060005
000760000000600000000700200000300000000000005074090000000000800000000070050000020
039000000000080000000000000070000000070005000001000008000000000000700060100000000
800030000000000053900039809800040900000006003000010000470000040000400000100570000
000000070000940080440050000000000090000000100045009000000039000000200000000080000
000000000000402000000000400010007000000005000000000800008000000000008000000000000
700000000000000404000000000040007000006703500000000000003009000000000060000000000
000000302000060300000030000680007000000000000850050000005000000007009000000200000
